MET,PUT,2015-01-05,52.11,1.28,2015-01-21,49.27,0.61,2015,1,0.61,,50.0,2015-02-20,1.15,1.89,4,296.00,1,296.00,,
MET,PUT,2015-01-23,48.77,1.27,2015-02-02,47.86,-0.14,2015,0,,-0.14,47.0,2015-03-20,1.27,1.48,3,63.00,1,63.00,,
MET,CALL,2015-02-03,49.11,1.34,2015-03-09,52.33,0.70,2015,1,0.70,,50.0,2015-03-20,1.21,2.44,4,492.00,1,492.00,,
MET,PUT,2015-03-25,50.31,0.90,2015-04-28,50.85,-0.80,2015,0,,-0.80,50.0,2015-05-15,1.64,0.71,3,-279.00,0,,-279.00,
MET,CALL,2015-04-28,50.85,0.81,2015-05-26,52.48,0.51,2015,1,0.51,,52.5,2015-06-19,0.7,0.89,7,133.00,1,133.00,,
MET,CALL,2015-06-02,52.84,0.88,2015-06-05,54.45,0.42,2015,1,0.42,,55.0,2015-07-17,0.51,1.08,9,513.00,1,513.00,,
MET,CALL,2015-06-16,56.33,0.90,2015-06-29,55.47,-0.98,2015,0,,-0.98,57.5,2015-07-17,0.74,0.38,6,-216.00,0,,-216.00,
MET,PUT,2015-07-02,56.16,1.04,2015-07-09,55.02,0.05,2015,1,0.05,,52.5,2015-08-21,0.9,1.03,5,65.00,1,65.00,,
MET,PUT,2015-07-24,56.15,1.09,2015-08-21,49.55,2.52,2015,1,2.52,,55.0,2015-08-21,1.04,5.0,4,1584.00,1,1584.00,,
MET,CALL,2015-08-24,47.4,1.39,2015-09-17,47.78,-0.36,2015,0,,-0.36,47.5,2015-10-16,2.98,1.56,1,-142.00,0,,-142.00,
MET,CALL,2015-10-05,47.79,1.21,2015-11-20,51.02,0.83,2015,1,0.83,,50.0,2015-11-20,0.76,0.92,6,96.00,1,96.00,,
MET,CALL,2015-10-05,47.79,1.21,2015-11-20,51.02,0.83,2015,1,0.83,,50.0,2015-11-20,0.76,0.92,6,96.00,1,96.00,,
MET,PUT,2015-12-09,48.59,0.91,2015-12-15,47.57,0.06,2015,1,0.06,,47.0,2016-01-15,0.97,1.15,5,90.00,1,90.00,,
MET,CALL,2015-12-22,47.21,1.15,2016-01-05,46.42,-0.84,2015,0,,-0.84,50.0,2016-02-19,0.66,0.33,3,-99.00,0,,-99.00,
MET,PUT,2016-01-06,44.37,1.23,2016-01-12,41.99,0.47,2016,1,0.47,,42.5,2016-01-15,0.39,0.75,6,216.00,1,216.00,,
MET,CALL,2016-01-20,42.21,1.38,2016-02-02,42.76,-0.30,2016,0,,-0.30,47.5,2016-03-18,0.42,0.2,5,-110.00,0,,-110.00,
MET,PUT,2016-02-02,42.76,1.56,2016-02-12,37.43,1.21,2016,1,1.21,,40.0,2016-03-18,1.04,3.2,2,432.00,1,432.00,,
MET,PUT,2016-02-23,38.42,1.40,2016-02-26,40.09,-1.00,2016,0,,-1.00,35.0,2016-04-15,0.77,0.42,6,-210.00,0,,-210.00,
MET,CALL,2016-03-01,41.68,1.48,2016-03-23,43.41,0.09,2016,1,0.09,,45.0,2016-04-15,0.4,0.38,12,-24.00,0,,-24.00,
MET,PUT,2016-04-05,42.89,1.21,2016-04-12,43.16,-0.61,2016,0,,-0.61,40.0,2016-05-20,0.87,0.65,5,-110.00,0,,-110.00,
MET,CALL,2016-04-12,43.16,1.13,2016-04-28,45.73,0.63,2016,1,0.63,,45.0,2016-05-20,0.68,1.47,7,553.00,1,553.00,,
MET,PUT,2016-04-28,45.73,0.94,2016-05-10,43.91,0.47,2016,1,0.47,,45.0,2016-06-17,1.66,1.92,3,78.00,1,78.00,,
MET,CALL,2016-05-18,44.97,1.02,2016-05-26,45.08,-0.45,2016,0,,-0.45,47.5,2016-06-17,0.33,0.14,15,-285.00,0,,-285.00,
MET,PUT,2016-05-31,45.55,0.99,2016-06-10,43.09,0.74,2016,1,0.74,,45.0,2016-06-17,0.64,1.9,7,882.00,1,882.00,,
MET,CALL,2016-06-10,43.09,0.97,2016-06-14,42.26,-0.93,2016,0,,-0.93,45.0,2016-07-15,0.58,0.36,8,-176.00,0,,-176.00,
MET,PUT,2016-06-24,39.44,1.17,2016-06-28,37.7,0.24,2016,1,0.24,,35.0,2016-07-15,0.46,0.3,5,-80.00,0,,-80.00,
MET,CALL,2016-07-08,39.2,1.46,2016-08-04,39.54,-0.38,2016,0,,-0.38,40.0,2016-08-19,0.99,0.66,2,-66.00,0,,-66.00,
MET,CALL,2016-08-25,41.31,0.97,2016-09-13,43.97,0.87,2016,1,0.87,,42.5,2016-10-21,1.09,2.44,4,540.00,1,540.00,,
MET,CALL,2016-09-13,43.97,0.79,2016-10-11,47.31,1.62,2016,1,1.62,,47.5,2016-10-21,0.29,0.64,8,280.00,1,280.00,,
MET,PUT,2016-10-14,46.89,0.92,2016-10-21,46.38,-0.22,2016,0,,-0.22,47.5,2016-10-21,0.86,1.03,2,34.00,1,34.00,,
MET,PUT,2016-10-28,46.98,0.93,2016-11-03,47.06,-0.54,2016,0,,-0.54,45.0,2016-12-16,1.2,0.98,4,-88.00,0,,-88.00,
MET,CALL,2016-11-09,51.28,1.17,2016-11-28,54.38,0.83,2016,1,0.83,,52.5,2016-12-16,1.05,2.4,4,540.00,1,540.00,,
MET,CALL,2016-12-07,56.76,1.31,2016-12-14,56.39,-0.64,2016,0,,-0.64,60.0,2017-01-20,0.86,0.68,5,-90.00,0,,-90.00,
MET,PUT,2016-12-16,54.37,1.13,2017-01-10,53.93,-0.30,2016,0,,-0.30,52.5,2017-01-20,1.0,0.3,5,-350.00,0,,-350.00,
MET,PUT,2017-02-01,54.32,1.05,2017-02-09,52.58,0.33,2017,1,0.33,,52.5,2017-03-17,1.36,1.29,3,-21.00,0,,-21.00,
MET,PUT,2017-02-16,53.65,1.13,2017-02-27,52.66,-0.06,2017,0,,-0.06,52.5,2017-03-17,0.67,0.84,7,119.00,1,119.00,,
MET,CALL,2017-02-27,52.66,1.07,2017-03-17,53.36,-0.17,2017,0,,-0.17,55.0,2017-04-21,0.72,0.63,6,-54.00,0,,-54.00,
MET,PUT,2017-03-20,53.13,0.89,2017-03-27,51.69,0.31,2017,1,0.31,,52.5,2017-04-21,0.91,1.55,5,320.00,1,320.00,,
MET,CALL,2017-03-27,51.69,1.07,2017-04-13,51.12,-0.77,2017,0,,-0.77,55.0,2017-05-19,0.65,0.31,7,-238.00,0,,-238.00,
