AA,PUT,2019-08-21,18.47,0.90,2019-08-28,17.01,0.31,2019,1,0.31,,16.0,2019-10-18,0.45,0.75,11,330.00,1,330.00,,3,2019-09-10,
AA,PUT,2019-08-21,18.47,0.90,2019-08-28,17.01,0.31,2019,1,0.31,,17.0,2019-10-18,0.75,1.2,6,270.00,1,270.00,,3,2019-09-10,
AA,PUT,2019-08-21,18.47,0.90,2019-08-28,17.01,0.31,2019,1,0.31,,18.0,2019-10-18,1.14,1.75,4,244.00,1,244.00,,3,2019-09-10,
AA,PUT,2019-08-21,18.47,0.90,2019-08-28,17.01,0.31,2019,1,0.31,,19.0,2019-10-18,1.7,2.45,2,150.00,1,150.00,,3,2019-09-10,
AA,PUT,2019-08-21,18.47,0.90,2019-08-28,17.01,0.31,2019,1,0.31,,20.0,2019-10-18,2.29,3.2,2,182.00,1,182.00,,3,2019-09-10,
AA,CALL,2019-09-04,18.28,0.81,2019-09-13,22.98,2.39,2019,1,2.39,,21.0,2019-10-18,0.35,2.25,14,2660.00,1,2660.00,,3,2019-09-10,
AA,CALL,2019-09-04,18.28,0.81,2019-09-13,22.98,2.39,2019,1,2.39,,20.0,2019-10-18,0.6,2.95,8,1880.00,1,1880.00,,3,2019-09-10,
AA,CALL,2019-09-04,18.28,0.81,2019-09-13,22.98,2.39,2019,1,2.39,,19.0,2019-10-18,1.0,3.6,5,1300.00,1,1300.00,,3,2019-09-10,
AA,CALL,2019-09-04,18.28,0.81,2019-09-13,22.98,2.39,2019,1,2.39,,18.0,2019-10-18,1.45,4.3,3,855.00,1,855.00,,3,2019-09-10,
AA,CALL,2019-09-04,18.28,0.81,2019-09-13,22.98,2.39,2019,1,2.39,,17.0,2019-10-18,2.04,5.5,2,692.00,1,692.00,,3,2019-09-10,
AA,CALL,2019-09-04,18.28,0.81,2019-09-13,22.98,2.39,2019,1,2.39,,16.0,2019-10-18,2.8,6.4,1,360.00,1,360.00,,3,2019-09-10,

