AKAM,CALL,2012-08-15,36.79,1.23,2012-09-11,38.11,0.04,2012,1,0.04,,37.0,2012-09-22,1.39,1.39,3,0.00,0,,0.00,0,2019-08-07,
BLL,CALL,2010-02-02,52.2,0.85,2010-02-11,51.04,-1.00,2010,0,,-1.00,50.0,2010-03-20,2.95,1.7,1,-125.00,0,,-125.00,1,2019-08-07,
BLL,CALL,2010-02-11,51.04,1.01,2010-02-23,52.32,0.14,2010,1,0.14,,50.0,2010-03-20,2.1,2.5,2,80.00,1,80.00,,0,2019-08-07,
BSC.200805,CALL,2004-10-06,94.22,1.60,2004-10-14,91.01,-1.00,2004,0,,-1.00,95.0,2004-11-20,2.85,1.1,1,-175.00,0,,-175.00,0,2019-08-07,
RJF,CALL,2017-11-17,83.78,1.44,2017-11-30,88.3,1.07,2017,1,1.07,,85.0,2017-12-15,1.35,3.6,1,225.00,1,225.00,,0,2019-08-07,
RJF,CALL,2017-11-10,83.55,1.51,2017-12-15,88.24,1.05,2017,1,1.05,,82.5,2017-12-15,3.0,5.5,1,250.00,1,250.00,,1,2019-08-07,
RJF,CALL,2017-12-01,88.24,1.47,2018-01-19,96.19,2.21,2017,1,2.21,,90.0,2018-01-19,1.9,5.8,2,780.00,1,780.00,,1,2019-08-07,
FXI,PUT,2012-07-06,33.45,0.75,2012-07-19,33.71,-0.67,2012,0,,-0.67,33.0,2012-08-18,0.91,0.61,5,-150.00,0,,-150.00,1,2019-08-07,
FXI,CALL,2012-07-19,33.71,0.72,2012-08-17,34.5,0.05,2012,1,0.05,,33.0,2012-08-18,1.32,1.48,3,48.00,1,48.00,,1,2019-08-07,
QCOM,PUT,2002-07-10,26.41,1.95,2002-07-15,29.38,-1.00,2002,0,,-1.00,25.0,2002-08-17,2.25,1.1,2,-230.00,0,,-230.00,1,2019-08-07,
QCOM,CALL,2002-08-06,25.18,1.92,2002-08-06,25.18,-0.50,2002,0,,-0.50,25.0,2002-09-21,2.9,2.7,1,-20.00,0,,-20.00,1,2019-08-07,
QCOM,CALL,2002-07-15,29.38,1.80,2002-08-16,29.09,-0.58,2002,0,,-0.58,30.0,2002-08-17,2.5,0.0,2,-500.00,0,,-500.00,1,2019-08-07,
LEAP.201403,PUT,2009-10-13,15.4,1.04,2009-10-22,14.95,-0.28,2009,0,,-0.28,15.0,2009-11-21,1.45,1.3,3,-45.00,0,,-45.00,1,2019-08-07,
LEAP.201403,PUT,2009-10-26,13.86,0.94,2009-11-20,14.27,-0.72,2009,0,,-0.72,15.0,2009-12-19,2.4,1.4,2,-200.00,0,,-200.00,1,2019-08-07,
PZZA,PUT,2018-05-17,51.91,2.02,2018-05-23,52.29,-0.59,2018,0,,-0.59,50.0,2018-06-15,1.05,0.85,4,-80.00,0,,-80.00,0,2019-08-07,
PZZA,PUT,2018-05-29,51.64,1.95,2018-06-06,51.75,-0.53,2018,0,,-0.53,50.0,2018-07-20,2.0,1.4,2,-120.00,0,,-120.00,0,2019-08-07,
PZZA,CALL,2018-06-12,53.14,1.15,2018-06-22,54.33,0.02,2018,1,0.02,,55.0,2018-07-20,1.5,2.25,3,225.00,1,225.00,,1,2019-08-07
