VXX,PUT,2017-06-13,12.99,0.61,2017-06-20,12.91,-0.43,2017,0,,-0.43,12.0,2017-07-21,0.39,0.37,12,-24.00,0,,-24.00,0,
CMCSA,CALL,2010-04-16,18.32,0.40,2010-04-16,18.32,-0.50,2010,0,,-0.50,18.0,2010-04-17,0.34,0.3,14,-56.00,0,,-56.00,1,
LUK,PUT,2015-11-11,18.79,0.37,2015-11-24,18.01,0.55,2015,1,0.55,,19.0,2015-12-18,0.8,1.05,6,150.00,1,150.00,,0,
PENN,PUT,2011-09-22,33.65,1.52,2011-10-19,39.36,-1.00,2011,0,,-1.00,34.0,2011-11-19,3.2,0.45,1,-275.00,0,,-275.00,1,
AEP,PUT,2008-07-25,39.65,0.91,2008-07-30,40.15,-0.77,2008,0,,-0.77,40.0,2008-09-20,1.95,1.55,2,-80.00,0,,-80.00,1,
EWZ,PUT,2011-09-29,54.03,2.28,2011-10-04,50.97,0.17,2011,1,0.17,,54.0,2011-11-19,3.95,5.35,1,140.00,1,140.00,,0,
EWZ,PUT,2011-09-29,54.03,2.28,2011-10-04,50.97,0.17,2011,1,0.17,,54.0,2011-11-19,3.95,5.35,1,140.00,1,140.00,,0,
VNQ,CALL,2012-03-05,61.89,0.79,2012-03-06,61.07,-1.00,2012,0,,-1.00,62.0,2012-04-21,1.35,0.85,3,-150.00,0,,-150.00,0,
VNQ,CALL,2012-03-13,63.08,0.83,2012-04-20,64.0,0.05,2012,1,0.05,,63.0,2012-04-21,1.14,0.9,4,-96.00,0,,-96.00,0,
AIMT,PUT,2018-11-28,24.74,2.67,2018-12-06,23.75,-0.31,2018,0,,-0.31,25.0,2019-01-18,2.6,2.35,1,-25.00,0,,-25.00,1,
DRV,PUT,2010-04-09,7.72,0.46,2010-04-15,7.88,-0.67,2010,0,,-0.67,8.0,2010-05-22,0.95,0.7,5,-125.00,0,,-125.00,1,
SPXS,PUT,2013-02-27,13.72,0.39,2013-02-28,13.81,-0.62,2013,0,,-0.62,14.0,2013-04-20,1.1,0.95,4,-60.00,0,,-60.00,1,
SPXS,PUT,2013-03-20,12.53,0.37,2013-05-01,11.76,0.53,2013,1,0.53,,13.0,2013-05-18,1.14,1.3,4,64.00,1,64.00,,0,
AMD,CALL,2012-09-11,3.75,0.15,2012-10-19,2.18,-1.00,2012,0,,-1.00,4.0,2012-10-20,0.17,0.0,29,-493.00,0,,-493.00,1,
BWLD.201802,PUT,2012-08-30,78.3,1.42,2012-09-06,81.94,-1.00,2012,0,,-1.00,80.0,2012-10-20,5.0,3.0,1,-200.00,0,,-200.00,1,
NSM,PUT,2015-05-21,20.3,0.99,2015-06-26,17.14,1.10,2015,1,1.10,,20.0,2015-07-17,1.1,2.7,4,640.00,1,640.00,,0,
TM,PUT,2008-10-15,63.71,5.13,2008-10-22,67.95,-0.91,2008,0,,-0.91,65.0,2008-11-22,7.5,4.2,0,-0.00,0,,-0.00,1,
BC,PUT,2017-08-29,52.44,1.26,2017-09-06,54.51,-1.00,2017,0,,-1.00,50.0,2017-10-20,1.25,0.55,4,-280.00,0,,-280.00,0,
AXP,CALL,2017-02-03,78.04,1.21,2017-02-28,80.06,0.33,2017,1,0.33,,77.5,2017-03-17,2.19,2.88,2,138.00,1,138.00,,0,
HAL,PUT,2017-07-18,44.0,0.99,2017-07-19,45.58,-1.00,2017,0,,-1.00,45.0,2017-08-18,1.93,1.08,2,-170.00,0,,-170.00,0,
MET,CALL,2013-12-19,52.27,0.84,2014-01-13,52.97,-0.08,2013,0,,-0.08,50.0,2014-01-18,2.84,2.93,1,9.00,1,9.00,,0,
SGY,PUT,2008-10-24,25.76,4.10,2008-10-31,30.33,-1.00,2008,0,,-1.00,25.0,2008-12-20,4.09,1.8,1,-229.00,0,,-229.00,1,
BERY,CALL,2017-01-17,50.9,0.83,2017-01-26,51.56,-0.10,2017,0,,-0.10,50.0,2017-02-17,2.2,2.29,2,18.00,1,18.00,,0,
BERY,CALL,2017-02-01,51.55,0.95,2017-02-09,48.96,-1.00,2017,0,,-1.00,52.5,2017-03-17,1.65,0.1,3,-465.00,0,,-465.00,1,
