LVS,CALL,2013-10-11,68.33,1.43,2013-10-23,70.95,0.42,2013,1,0.42,,67.5,2013-11-16,2.98,4.05,1,107.00,1,107.00,,0,2019-09-13,
PRX.201209,CALL,2009-10-12,22.0,0.65,2009-11-17,23.83,0.90,2009,1,0.90,,22.5,2009-11-21,1.25,1.3,4,20.00,1,20.00,,0,2019-09-13,
TRIP,CALL,2013-03-20,53.24,1.54,2013-03-21,51.75,-0.98,2013,0,,-0.98,55.0,2013-05-18,2.8,2.0,1,-80.00,0,,-80.00,0,2019-09-13,
TRIP,CALL,2013-04-10,50.07,1.45,2013-04-15,51.56,0.01,2013,1,0.01,,50.0,2013-05-18,3.1,3.8,1,70.00,1,70.00,,0,2019-09-13,
TRIP,CALL,2013-05-13,54.79,1.72,2013-06-03,62.06,1.61,2013,1,1.61,,55.0,2013-06-22,2.25,6.4,2,830.00,1,830.00,,1,2019-09-13,
GRUB,PUT,2015-09-22,25.91,1.36,2015-10-28,24.41,0.05,2015,1,0.05,,25.0,2015-11-20,2.2,1.7,2,-100.00,0,,-100.00,2,2019-09-13,
DO,PUT,2002-10-21,20.35,0.90,2002-10-23,21.05,-0.89,2002,0,,-0.89,20.0,2002-12-21,1.5,1.1,3,-120.00,0,,-120.00,2,2019-09-13,
DO,CALL,2002-11-01,22.05,0.97,2002-12-20,23.02,0.00,2002,1,0.00,,22.5,2002-12-21,1.45,0.4,3,-315.00,0,,-315.00,2,2019-09-13,
SBUX,CALL,2019-08-29,97.7,1.65,2019-08-30,96.56,-0.85,2019,0,,-0.85,97.5,2019-10-18,3.25,2.44,1,-81.00,0,,-81.00,2,2019-09-13,
SBUX,PUT,2019-09-09,94.16,1.70,2019-09-11,90.98,0.44,2019,1,0.44,,95.0,2019-10-18,2.78,4.45,1,167.00,1,167.00,,2,2019-09-13,
MRK,PUT,2019-08-20,85.65,1.58,2019-08-21,86.91,-0.90,2019,0,,-0.90,85.0,2019-09-20,1.72,1.11,2,-122.00,0,,-122.00,2,2019-09-13,
MRK,CALL,2019-09-10,81.69,1.69,2019-09-12,83.31,-0.02,2019,0,,-0.02,85.0,2019-10-18,0.82,1.0,6,108.00,1,108.00,,2,2019-09-13,
GDX,CALL,2019-08-20,28.85,0.86,2019-09-06,28.48,-0.72,2019,0,,-0.72,29.0,2019-09-20,1.06,0.9,4,-64.00,0,,-64.00,2,2019-09-13,
XPO,CALL,2019-08-26,67.53,3.09,2019-08-30,70.86,0.04,2019,1,0.04,,67.5,2019-10-18,4.8,6.4,1,160.00,1,160.00,,2,2019-09-13,
XPO,CALL,2019-09-05,71.83,2.75,2019-09-12,74.92,0.06,2019,1,0.06,,75.0,2019-10-18,2.85,4.0,1,115.00,1,115.00,,2,2019-09-13,
PINS,CALL,2019-08-20,34.36,1.85,2019-08-22,35.43,-0.21,2019,0,,-0.21,34.0,2019-09-20,2.15,2.6,2,90.00,1,90.00,,2,2019-09-13,
CVNA,CALL,2019-08-26,80.94,4.37,2019-08-26,80.94,-0.50,2019,0,,-0.50,80.0,2019-09-20,5.2,4.7,0,-0.00,0,,-0.00,2,2019-09-13,
CVNA,CALL,2019-08-26,80.94,4.37,2019-09-03,79.62,-0.65,2019,0,,-0.65,85.0,2019-09-20,2.95,1.7,1,-125.00,0,,-125.00,2,2019-09-13,
RS,CALL,2019-09-03,96.61,2.10,2019-09-11,103.34,1.10,2019,1,1.10,,97.5,2019-09-20,2.15,5.8,2,730.00,1,730.00,,2,2019-09-13,
BX,CALL,2019-08-20,48.84,1.51,2019-08-23,48.81,-0.51,2019,0,,-0.51,49.0,2019-09-20,1.52,1.49,3,-9.00,0,,-9.00,2,2019-09-13,
WBA,PUT,2019-08-21,50.9,1.37,2019-08-23,49.32,0.08,2019,1,0.08,,50.0,2019-09-20,0.99,1.77,5,390.00,1,390.00,,2,2019-09-13,
WBA,CALL,2019-08-30,51.19,1.35,2019-09-12,55.56,1.12,2019,1,1.12,,50.0,2019-10-18,2.93,5.8,1,287.00,1,287.00,,2,2019-09-13,
PFE,PUT,2019-08-20,34.61,1.00,2019-08-28,35.08,-0.74,2019,0,,-0.74,35.0,2019-09-20,1.01,0.69,4,-128.00,0,,-128.00,2,2019-09-13,
STRZA.201612,PUT,2016-01-13,31.11,0.94,2016-01-21,30.0,0.09,2016,1,0.09,,31.0,2016-02-19,1.55,1.75,3,60.00,1,60.00,,0,2019-09-15,
SPN,CALL,2007-05-30,40.1,1.15,2007-06-06,39.04,-0.96,2007,0,,-0.96,40.0,2007-07-21,2.2,1.45,2,-150.00,0,,-150.00,0,2019-09-15,
LULU,CALL,2017-12-06,67.66,1.62,2017-12-29,78.59,2.88,2017,1,2.88,,67.5,2018-01-19,5.35,9.65,0,0.00,0,,0.00,0,2019-09-15,
LULU,CALL,2017-12-06,67.66,1.62,2017-12-29,78.59,2.88,2017,1,2.88,,67.5,2018-01-19,5.35,9.65,1,430.00,1,430.00,,0,2019-09-15,
WY,CALL,2017-04-06,34.4,0.59,2017-04-19,34.49,-0.42,2017,0,,-0.42,34.0,2017-05-19,1.35,1.1,5,-125.00,0,,-125.00,0,2019-09-15,
LII,CALL,2015-05-27,115.02,1.48,2015-06-04,112.59,-1.00,2015,0,,-1.00,115.0,2015-07-17,2.54,1.1,2,-288.00,0,,-288.00,1,2019-09-15,
LII,CALL,2015-06-10,115.38,1.65,2015-07-17,107.59,-1.00,2015,0,,-1.00,115.0,2015-07-17,2.7,0.0,2,-540.00,0,,-540.00,1,2019-09-15,
SKX,CALL,2010-04-14,39.43,1.14,2010-04-16,38.72,-0.81,2010,0,,-0.81,40.0,2010-05-22,2.5,2.04,2,-92.00,0,,-92.00,0,2019-09-15,
PII,PUT,2018-12-03,101.62,3.41,2018-12-20,75.68,3.30,2018,1,3.30,,100.0,2019-01-18,4.09,22.9,1,1881.00,1,1881.00,,1,2019-09-15,
CAL.201009,PUT,2006-04-17,24.42,1.32,2006-05-19,26.5,-1.00,2006,0,,-1.00,25.0,2006-05-20,2.1,0.0,2,-420.00,0,,-420.00,1,2019-09-15,
HAIN,PUT,2015-12-01,41.19,1.64,2015-12-09,38.9,0.20,2015,1,0.20,,40.0,2016-01-15,1.5,1.75,3,75.00,1,75.00,,1,2019-09-15,
WFC,PUT,2018-05-17,54.22,1.01,2018-06-15,54.98,-0.88,2018,0,,-0.88,55.0,2018-06-15,1.48,0.03,3,-435.00,0,,-435.00,1,2019-09-15,
KBH,CALL,2003-07-08,66.5,2.65,2003-08-15,56.94,-1.00,2003,0,,-1.00,65.0,2003-08-16,4.0,0.0,1,-400.00,0,,-400.00,1,2019-09-15,
TEN,PUT,2018-04-11,55.03,1.94,2018-05-18,47.48,1.45,2018,1,1.45,,55.0,2018-05-18,2.7,7.3,1,460.00,1,460.00,,0,2019-09-15,
IR,CALL,2009-09-22,31.85,0.68,2009-09-23,31.2,-0.98,2009,0,,-0.98,30.0,2009-11-21,3.0,2.45,1,-55.00,0,,-55.00,0,2019-09-15,
IR,CALL,2009-10-05,30.43,0.75,2009-10-15,34.27,2.08,2009,1,2.08,,30.0,2009-11-21,2.0,4.59,2,518.00,1,518.00,,0,2019-09-15,
IR,CALL,2009-11-03,32.94,1.24,2009-11-17,36.6,0.98,2009,1,0.98,,32.5,2009-12-19,1.95,4.3,2,470.00,1,470.00,,0,2019-09-15,
HBAN,CALL,2011-01-26,7.07,0.20,2011-01-28,7.07,-0.50,2011,0,,-0.50,7.0,2011-03-19,0.41,0.39,12,-24.00,0,,-24.00,0,2019-09-15,
HBAN,CALL,2011-02-11,7.53,0.21,2011-02-17,7.35,-0.93,2011,0,,-0.93,8.0,2011-03-19,0.12,0.06,41,-246.00,0,,-246.00,0,2019-09-15,
JCI,CALL,2013-01-15,30.53,0.55,2013-02-15,32.04,0.86,2013,1,0.86,,31.0,2013-02-16,1.45,1.1,3,-105.00,0,,-105.00,0,2019-09-15,
JCI,PUT,2013-03-21,30.88,0.46,2013-04-11,32.71,-1.00,2013,0,,-1.00,31.0,2013-05-18,0.25,0.2,20,-100.00,0,,-100.00,0,2019-09-15,
UNH,PUT,2017-02-02,160.75,2.41,2017-02-13,161.99,-0.76,2017,0,,-0.76,160.0,2017-03-17,3.75,2.14,1,-161.00,0,,-161.00,0,2019-09-15,
UNH,CALL,2017-02-23,162.6,2.33,2017-03-17,169.7,1.02,2017,1,1.02,,165.0,2017-04-21,3.3,6.45,1,315.00,1,315.00,,0,2019-09-15,
UNH,CALL,2017-04-17,167.17,2.00,2017-04-17,167.17,-0.50,2017,0,,-0.50,165.0,2017-05-19,5.35,4.84,0,-0.00,0,,-0.00,0,2019-09-15,
UNH,CALL,2017-04-17,167.17,2.00,2017-04-26,174.38,1.30,2017,1,1.30,,165.0,2017-05-19,5.35,9.6,1,425.00,1,425.00,,0,2019-09-15,
UNH,CALL,2017-05-18,171.45,2.43,2017-06-08,181.69,1.61,2017,1,1.61,,170.0,2017-06-16,4.2,11.4,1,720.00,1,720.00,,0,2019-09-15,
UNH,CALL,2017-06-14,182.36,2.73,2017-06-23,185.25,0.03,2017,1,0.03,,180.0,2017-07-21,5.25,6.95,1,170.00,1,170.00,,0,2019-09-15,
ABS.200606,PUT,2002-09-12,26.7,0.89,2002-09-18,25.38,0.24,2002,1,0.24,,27.5,2002-10-19,2.0,2.54,3,162.00,1,162.00,,0,2019-09-15,
ABS.200606,PUT,2002-09-25,23.94,1.05,2002-10-31,22.31,0.28,2002,1,0.28,,25.0,2002-11-16,2.35,2.75,3,120.00,1,120.00,,0,2019-09-15,
ABS.200606,PUT,2002-12-03,22.26,0.89,2002-12-03,22.26,-0.50,2002,0,,-0.50,22.5,2003-01-18,0.0,0.0,2147483647,-0.00,0,,-0.00,0,2019-09-15,
IMO,PUT,2008-11-05,33.81,4.06,2008-11-13,30.5,-0.09,2008,0,,-0.09,35.0,2008-12-20,4.3,5.5,1,120.00,1,120.00,,0,2019-09-15,
IMO,CALL,2008-11-24,28.51,2.95,2008-12-01,30.42,-0.18,2008,0,,-0.18,30.0,2009-01-17,4.0,3.6,1,-40.00,0,,-40.00,0,2019-09-15,
PAGP,CALL,2018-07-25,24.12,0.53,2018-07-27,23.85,-0.76,2018,0,,-0.76,24.0,2018-09-21,1.1,0.85,4,-100.00,0,,-100.00,0,2019-09-15,
FLT,CALL,2016-09-01,167.67,2.92,2016-09-23,170.53,-0.01,2016,0,,-0.01,170.0,2016-10-21,4.4,4.0,1,-40.00,0,,-40.00,0,2019-09-15,
FLT,CALL,2016-10-06,174.55,3.19,2016-11-01,172.67,-0.79,2016,0,,-0.79,175.0,2016-11-18,6.4,3.8,0,-0.00,0,,-0.00,0,2019-09-15,
FLT,PUT,2016-11-03,148.75,4.31,2016-11-16,145.63,-0.14,2016,0,,-0.14,150.0,2016-12-16,6.2,6.4,0,0.00,0,,0.00,0,2019-09-15,
RAI.201707,PUT,2008-03-17,60.16,1.35,2008-03-18,61.88,-1.00,2008,0,,-1.00,60.0,2008-04-19,1.85,1.0,2,-170.00,0,,-170.00,0,2019-09-15,
RAI.201707,PUT,2008-04-07,59.12,1.44,2008-04-16,57.8,-0.04,2008,0,,-0.04,60.0,2008-05-17,2.5,3.0,2,100.00,1,100.00,,0,2019-09-15,
RAI.201707,PUT,2008-04-29,57.84,0.98,2008-05-05,54.36,1.28,2008,1,1.28,,60.0,2008-06-21,3.6,6.4,1,280.00,1,280.00,,0,2019-09-15,
KMB,PUT,2009-01-20,52.04,1.40,2009-01-20,52.04,-0.50,2009,0,,-0.50,50.0,2009-03-21,0.0,0.0,2147483647,-0.00,0,,-0.00,0,2019-09-15,
KMB,PUT,2009-01-20,52.04,1.40,2009-01-20,52.04,-0.50,2009,0,,-0.50,50.0,2009-03-21,0.0,0.0,2147483647,-0.00,0,,-0.00,0,2019-09-15,
KMB,PUT,2009-01-20,52.04,1.40,2009-02-18,48.43,0.79,2009,1,0.79,,50.0,2009-02-21,1.5,1.6,3,30.00,1,30.00,,0,2019-09-15,
EXC,CALL,2015-11-09,28.81,0.78,2015-11-12,28.56,-0.66,2015,0,,-0.66,29.0,2015-12-18,0.8,0.7,6,-60.00,0,,-60.00,0,2019-09-15,
EXC,PUT,2015-12-02,27.34,0.60,2015-12-14,25.46,1.07,2015,1,1.07,,27.0,2016-01-15,0.8,1.75,6,570.00,1,570.00,,0,2019-09-15,
