TSN,CALL,2016-02-16,61.81,1.84,2016-02-26,65.17,0.41,2016,1,0.41,,62.5,2016-03-18,1.85,3.3,2,290.00,1,290.00,,0,2019-09-25,
TSN,CALL,2016-03-02,65.79,1.75,2016-04-15,65.33,-0.63,2016,0,,-0.63,65.0,2016-04-15,2.95,0.15,1,-280.00,0,,-280.00,0,2019-09-25,
TSN,CALL,2016-04-18,65.79,1.19,2016-05-16,68.34,0.57,2016,1,0.57,,65.0,2016-06-17,3.4,4.0,1,60.00,1,60.00,,0,2019-09-25,
WOR,CALL,2016-11-18,58.44,1.79,2016-11-23,61.73,0.42,2016,1,0.42,,60.0,2016-12-16,1.75,2.7,2,190.00,1,190.00,,0,2019-09-25,
WOR,PUT,2016-11-29,57.72,2.01,2017-01-04,48.81,1.71,2016,1,1.71,,60.0,2017-01-20,4.9,10.6,1,570.00,1,570.00,,0,2019-09-25,
WOR,PUT,2017-01-09,46.42,1.66,2017-01-10,47.6,-0.86,2017,0,,-0.86,45.0,2017-02-17,1.55,0.9,3,-195.00,0,,-195.00,0,2019-09-25,
NE,CALL,2008-03-11,50.49,2.02,2008-04-07,52.96,0.11,2008,1,0.11,,50.0,2008-04-19,3.4,3.4,1,0.00,0,,0.00,0,2019-09-25,
NE,CALL,2008-04-14,55.25,2.05,2008-04-15,54.27,-0.74,2008,0,,-0.74,55.0,2008-05-17,3.0,2.4,1,-60.00,0,,-60.00,0,2019-09-25,
NE,CALL,2008-04-25,59.63,1.96,2008-04-29,56.44,-1.00,2008,0,,-1.00,60.0,2008-06-21,3.1,1.85,1,-125.00,0,,-125.00,0,2019-09-25,
NE,CALL,2008-05-02,58.08,2.02,2008-05-07,61.78,0.42,2008,1,0.42,,57.5,2008-06-21,3.6,5.9,1,230.00,1,230.00,,0,2019-09-25,
NE,CALL,2008-05-02,58.08,2.02,2008-05-07,61.78,0.42,2008,1,0.42,,65.0,2008-06-21,0.9,2.0,5,550.00,1,550.00,,1,2019-09-25,
NE,CALL,2008-06-17,67.88,2.27,2008-07-18,55.95,-1.00,2008,0,,-1.00,75.0,2008-07-19,1.2,0.0,2,-240.00,0,,-240.00,0,2019-09-25,
NE,CALL,2008-06-17,67.88,2.27,2008-06-19,65.18,-1.00,2008,0,,-1.00,75.0,2008-07-19,1.2,0.5,2,-140.00,0,,-140.00,1,2019-09-25,
EBAY,PUT,2018-10-19,28.75,0.99,2018-10-25,28.06,-0.15,2018,0,,-0.15,29.0,2018-11-16,1.57,1.81,1,24.00,1,24.00,,1,2019-09-25,
EBAY,CALL,2018-11-30,29.85,0.69,2018-12-04,29.26,-0.93,2018,0,,-0.93,30.0,2019-01-18,1.21,0.86,4,-140.00,0,,-140.00,1,2019-09-25,
KIM,CALL,2008-05-06,41.6,1.20,2008-05-21,39.59,-1.00,2008,0,,-1.00,40.0,2008-06-21,3.0,1.25,1,-175.00,0,,-175.00,1,2019-09-25,
KIM,PUT,2008-06-06,37.89,1.11,2008-06-10,37.67,-0.40,2008,0,,-0.40,40.0,2008-07-19,3.5,3.3,1,-20.00,0,,-20.00,1,2019-09-25,
IEX,CALL,2018-03-26,145.3,3.17,2018-03-27,141.51,-1.00,2018,0,,-1.00,145.0,2018-05-18,5.2,3.2,1,-200.00,0,,-200.00,1,2019-09-25,
