TMF,PUT,2015-06-17,70.16,2.72,2015-06-19,71.7,-0.78,2015,0,,-0.78,70.0,2015-07-17,4.0,2.65,1,-135.00,0,,-135.00,0,2019-08-16,
TMF,CALL,2015-07-15,68.36,2.96,2015-08-21,85.51,2.40,2015,1,2.40,,70.0,2015-08-21,3.5,14.2,1,1070.00,1,1070.00,,1,2019-08-16,
RAX.201611,CALL,2012-09-27,65.95,1.40,2012-10-09,67.05,-0.11,2012,0,,-0.11,65.0,2012-11-17,4.5,4.7,1,20.00,1,20.00,,0,2019-08-16,
CBRL,PUT,2007-09-17,36.14,0.91,2007-10-19,38.21,-1.00,2007,0,,-1.00,35.0,2007-10-20,1.25,0.0,4,-500.00,0,,-500.00,0,2019-08-16,
CBRL,PUT,2007-09-18,41.52,1.14,2007-10-19,38.21,0.95,2007,1,0.95,,40.0,2007-10-20,1.05,1.75,4,280.00,1,280.00,,0,2019-08-16,
VOD,PUT,2016-04-05,30.66,0.51,2016-04-06,31.34,-1.00,2016,0,,-1.00,32.0,2016-05-20,1.87,1.22,2,-130.00,0,,-130.00,0,2019-08-16,
VOD,CALL,2016-04-12,32.64,0.53,2016-05-20,33.67,0.48,2016,1,0.48,,31.0,2016-05-20,2.17,2.54,2,74.00,1,74.00,,0,2019-08-16,
NOK,CALL,2008-12-30,15.77,0.73,2009-01-07,15.66,-0.58,2008,0,,-0.58,16.0,2009-02-21,1.25,1.05,4,-80.00,0,,-80.00,1,2019-08-17,
NOK,PUT,2009-01-07,15.66,0.65,2009-02-03,12.53,1.92,2009,1,1.92,,16.0,2009-02-21,1.5,3.3,3,540.00,1,540.00,,1,2019-08-17,
NOK,PUT,2009-02-09,13.22,0.73,2009-02-20,10.35,1.46,2009,1,1.46,,13.0,2009-03-21,0.75,2.7,6,1170.00,1,1170.00,,1,2019-08-17,
NOK,CALL,2009-03-10,9.71,0.56,2009-04-17,14.97,4.16,2009,1,4.16,,10.0,2009-04-18,0.8,4.9,6,2460.00,1,2460.00,,1,2019-08-17,
ARCB,PUT,2015-12-18,20.41,1.04,2016-01-15,18.02,0.65,2015,1,0.65,,20.0,2016-01-15,0.85,2.20,5,675.00,1,675.00,,1,2019-08-17,
DOX,PUT,2008-02-14,31.86,1.18,2008-02-27,32.19,-0.64,2008,0,,-0.64,30.0,2008-03-22,0.7,0.2,7,-350.00,0,,-350.00,1,2019-08-17,
CIEN,CALL,2012-05-29,12.34,0.66,2012-05-30,11.88,-0.85,2012,0,,-0.85,12.0,2012-07-21,1.47,1.21,3,-78.00,0,,-78.00,1,2019-08-17,
CIEN,CALL,2012-06-04,12.7,0.75,2012-06-11,14.12,0.44,2012,1,0.44,,13.0,2012-07-21,0.99,1.69,5,350.00,1,350.00,,0,2019-08-17,
CIEN,CALL,2012-06-22,15.51,0.66,2012-07-05,16.61,0.33,2012,1,0.33,,16.0,2012-08-18,0.92,1.33,5,205.00,1,205.00,,0,2019-08-17,
CIEN,PUT,2012-07-05,16.61,0.53,2012-07-12,14.23,1.75,2012,1,1.75,,17.0,2012-08-18,1.22,2.88,4,664.00,1,664.00,,0,2019-08-17,
CIEN,CALL,2012-07-23,14.47,0.71,2012-08-14,16.64,1.02,2012,1,1.02,,14.0,2012-09-22,1.7,3.0,2,260.00,1,260.00,,1,2019-08-17,
CIEN,CALL,2012-08-15,17.2,0.79,2012-08-30,13.46,-1.00,2012,0,,-1.00,17.0,2012-09-22,1.41,0.02,3,-417.00,0,,-417.00,1,2019-08-17,
EBAY,PUT,2006-05-30,33.21,1.24,2006-06-14,30.66,0.53,2006,1,0.53,,32.5,2006-07-22,1.6,2.7,3,330.00,1,330.00,,0,2019-08-17,
EBAY,PUT,2006-06-16,30.28,1.17,2006-07-21,24.48,1.97,2006,1,1.97,,30.0,2006-07-22,1.5,5.5,3,1200.00,1,1200.00,,1,2019-08-17,
EBAY,CALL,2006-08-08,25.15,1.08,2006-08-31,27.82,0.74,2006,1,0.74,,25.0,2006-09-16,1.45,2.95,3,450.00,1,450.00,,1,2019-08-17,
IDCC,PUT,2016-02-02,43.67,1.57,2016-02-16,44.32,-0.71,2016,0,,-0.71,45.0,2016-03-18,3.2,2.25,1,-95.00,0,,-95.00,1,2019-08-17,
IDCC,CALL,2016-02-16,44.32,1.56,2016-02-29,49.73,1.23,2016,1,1.23,,42.5,2016-03-18,3.3,7.0,1,370.00,1,370.00,,1,2019-08-17,
RCL,PUT,2008-11-05,13.9,2.18,2008-11-13,11.33,0.09,2008,1,0.09,,15.0,2008-12-20,2.54,4.2,1,166.00,1,166.00,,1,2019-08-17,
RCL,CALL,2008-11-13,11.33,1.81,2008-11-14,10.42,-0.75,2008,0,,-0.75,10.0,2008-12-20,2.2,1.75,1,-45.00,0,,-45.00,0,2019-08-17,
RCL,CALL,2008-11-24,8.08,1.57,2008-12-01,8.74,-0.29,2008,0,,-0.29,7.5,2009-01-17,1.95,2.04,1,9.00,1,9.00,,0,2019-08-17,
