IRF.201501,CALL,2006-04-19,43.4,1.23,2006-05-10,48.01,1.37,2006,1,1.37,,45.0,2006-05-20,1.6,3.1,3,450.00,1,450.00,,1,2019-09-12,
IRF.201501,PUT,2006-05-12,47.77,1.23,2006-06-16,40.4,2.50,2006,1,2.50,,50.0,2006-06-17,3.1,9.5,1,640.00,1,640.00,,1,2019-09-12,
FFIV,CALL,2007-06-11,80.48,2.26,2007-07-20,89.08,1.40,2007,1,1.40,,80.0,2007-07-21,4.8,9.0,1,420.00,1,420.00,,0,2019-09-12,
DLTR,PUT,2007-12-06,28.24,1.48,2007-12-18,26.18,0.19,2007,1,0.19,,27.5,2008-01-19,1.4,1.9,3,150.00,1,150.00,,0,2019-09-12,
DLTR,CALL,2008-01-16,22.8,1.02,2008-01-25,25.8,0.97,2008,1,0.97,,20.0,2008-02-16,3.6,5.7,1,210.00,1,210.00,,0,2019-09-12,
DOV,CALL,2009-04-02,28.91,1.30,2009-04-13,31.6,0.54,2009,1,0.54,,30.0,2009-05-16,1.65,2.8,3,345.00,1,345.00,,0,2019-09-12,
DOV,CALL,2009-04-01,26.76,1.26,2009-04-13,31.6,1.42,2009,1,1.42,,25.0,2009-05-16,3.1,6.7,1,360.00,1,360.00,,0,2019-09-12,
RAX.201611,CALL,2011-05-10,44.73,1.68,2011-06-17,38.27,-1.00,2011,0,,-1.00,45.0,2011-06-18,2.5,0.0,2,-500.00,0,,-500.00,0,2019-09-12,
EFA,PUT,2009-07-07,44.19,1.07,2009-07-13,44.8,-0.78,2009,0,,-0.78,44.0,2009-08-22,1.9,1.25,2,-130.00,0,,-130.00,0,2019-09-12,
EFA,CALL,2009-07-15,46.58,1.06,2009-07-29,48.7,0.50,2009,1,0.50,,47.0,2009-08-22,1.35,2.29,3,282.00,1,282.00,,0,2019-09-12,
EFA,CALL,2009-08-18,50.44,0.93,2009-08-24,52.34,0.52,2009,1,0.52,,50.0,2009-09-19,1.85,2.85,2,200.00,1,200.00,,0,2019-09-12,
