CTL,PUT,2014-03-06,31.19,0.50,2014-03-17,30.84,-0.15,2014,0,,-0.15,31.0,2014-04-19,0.7,0.7,7,0.00,0,,0.00,0,2019-09-26,
NYX.201311,CALL,2008-04-03,68.44,3.32,2008-04-11,65.2,-0.99,2008,0,,-0.99,70.0,2008-05-17,3.45,1.99,1,-146.00,0,,-146.00,0,2019-09-26,
NYX.201311,CALL,2008-05-06,72.95,2.07,2008-05-09,71.19,-0.93,2008,0,,-0.93,75.0,2008-06-21,2.61,2.1,1,-51.00,0,,-51.00,0,2019-09-26,
NYX.201311,PUT,2008-05-20,67.95,2.29,2008-06-03,63.19,0.54,2008,1,0.54,,70.0,2008-07-19,5.3,7.95,0,0.00,0,,0.00,0,2019-09-26,
NYX.201311,PUT,2008-05-20,67.95,2.29,2008-06-03,63.19,0.54,2008,1,0.54,,65.0,2008-07-19,2.76,4.5,1,174.00,1,174.00,,0,2019-09-26,
NYX.201311,PUT,2008-06-04,60.07,2.23,2008-06-10,59.12,-0.29,2008,0,,-0.29,60.0,2008-07-19,3.6,3.8,1,20.00,1,20.00,,0,2019-09-26,
NYX.201311,CALL,2008-06-19,59.85,2.03,2008-06-20,57.87,-0.99,2008,0,,-0.99,60.0,2008-07-19,2.76,1.8,1,-96.00,0,,-96.00,0,2019-09-26,
PII,CALL,2014-09-26,152.16,2.50,2014-09-30,149.78,-0.98,2014,0,,-0.98,155.0,2014-11-22,4.8,3.6,1,-120.00,0,,-120.00,0,2019-09-26,
LSS.200706,CALL,2006-02-06,55.19,2.20,2006-02-07,52.66,-1.00,2006,0,,-1.00,55.0,2006-03-18,3.7,2.2,1,-150.00,0,,-150.00,0,2019-09-26,
LSS.200706,CALL,2006-02-16,51.9,2.41,2006-03-17,51.66,-0.55,2006,0,,-0.55,50.0,2006-03-18,4.0,1.5,1,-250.00,0,,-250.00,0,2019-09-26,
HAL,CALL,2002-12-11,20.39,1.09,2002-12-12,20.0,-0.68,2002,0,,-0.68,20.0,2003-01-18,2.45,1.55,2,-180.00,0,,-180.00,0,2019-09-26,
HSIC,PUT,2004-10-05,59.64,1.52,2004-10-06,61.72,-1.00,2004,0,,-1.00,60.0,2004-11-20,3.2,1.9,1,-130.00,0,,-130.00,0,2019-09-26,
HSIC,PUT,2004-10-08,60.16,1.63,2004-10-18,58.94,-0.13,2004,0,,-0.13,60.0,2004-11-20,2.65,2.54,1,-11.00,0,,-11.00,0,2019-09-26,
HSIC,CALL,2004-10-27,61.96,1.85,2004-11-19,65.66,0.50,2004,1,0.50,,60.0,2004-12-18,4.09,6.1,1,201.00,1,201.00,,0,2019-09-26,
