MLNM.200805,PUT,2004-06-17,13.86,0.61,2004-07-16,11.4,1.51,2004,1,1.51,,15.0,2004-07-17,1.4,3.5,3,630.00,1,630.00,,0,2019-08-08,
EWG,CALL,2007-10-23,34.85,0.42,2007-11-01,35.18,-0.11,2007,0,,-0.11,35.0,2007-12-22,1.4,1.25,3,-45.00,0,,-45.00,0,2019-08-08,
EWG,CALL,2007-11-01,35.18,0.50,2007-11-26,34.18,-1.00,2007,0,,-1.00,35.0,2007-12-22,1.55,0.5,3,-315.00,0,,-315.00,1,2019-08-08,
NRG,CALL,2010-09-01,21.04,0.59,2010-09-21,21.11,-0.44,2010,0,,-0.44,21.0,2010-10-16,1.0,0.6,5,-200.00,0,,-200.00,1,2019-08-08,
PPC,PUT,2015-07-16,21.92,0.76,2015-07-28,19.82,0.88,2015,1,0.88,,22.0,2015-08-21,1.2,2.35,4,460.00,1,460.00,,0,2019-08-08,
PPC,CALL,2015-08-03,22.03,0.75,2015-08-24,20.78,-1.00,2015,0,,-1.00,22.0,2015-09-18,1.14,0.55,4,-236.00,0,,-236.00,1,2019-08-08,
NDSN,PUT,2008-11-07,35.53,3.54,2008-11-13,35.11,-0.44,2008,0,,-0.44,35.0,2008-12-20,4.2,3.6,1,-60.00,0,,-60.00,0,2019-08-08,
NDSN,CALL,2008-11-13,35.11,3.20,2008-11-21,26.8,-1.00,2008,0,,-1.00,35.0,2008-12-20,4.4,0.65,1,-375.00,0,,-375.00,1,2019-08-08,
NDSN,PUT,2008-11-13,35.11,3.20,2008-11-21,26.8,0.80,2008,1,0.80,,35.0,2008-12-20,4.2,8.69,1,449.00,1,449.00,,1,2019-08-08,
UFS,CALL,2017-11-15,45.87,0.94,2017-12-14,47.23,0.22,2017,1,0.22,,45.0,2017-12-15,1.9,2.15,2,50.00,1,50.00,,0,2019-08-08,
LBTYA,CALL,2014-01-13,89.76,1.38,2014-02-21,86.56,-1.00,2014,0,,-1.00,90.0,2014-02-22,2.5,0.0,2,-500.00,0,,-500.00,0,2019-08-08,
