COP,PUT,2008-09-23,74.58,3.93,2008-10-13,56.24,1.83,2008,1,1.83,,75.0,2008-11-22,5.65,19.95,0,0.00,0,,0.00,0,2019-08-06,
YNDX,PUT,2014-12-31,17.96,1.14,2015-01-08,18.42,-0.70,2014,0,,-0.70,18.0,2015-02-20,1.7,1.25,2,-90.00,0,,-90.00,1,2019-08-06,
CPA,PUT,2015-07-01,81.97,1.59,2015-07-07,83.97,-1.00,2015,0,,-1.00,80.0,2015-08-21,3.3,2.2,1,-110.00,0,,-110.00,1,2019-08-06,
CVC.201606,PUT,2002-05-03,23.67,1.69,2002-05-08,23.9,-0.57,2002,0,,-0.57,22.5,2002-06-22,1.8,1.4,2,-80.00,0,,-80.00,1,2019-08-06,
CVC.201606,PUT,2002-05-10,22.4,1.65,2002-05-14,20.34,0.12,2002,1,0.12,,22.5,2002-06-22,2.15,3.4,2,250.00,1,250.00,,0,2019-08-06,
HSBC,PUT,2016-01-25,33.53,0.88,2016-01-29,35.4,-1.00,2016,0,,-1.00,34.0,2016-03-18,2.42,1.24,2,-236.00,0,,-236.00,1,2019-08-06,
EMR,PUT,2018-12-17,58.72,1.82,2018-12-21,56.87,0.01,2018,1,0.01,,57.5,2019-01-18,1.75,2.45,2,140.00,1,140.00,,1,2019-08-06,
EMR,CALL,2018-12-31,59.75,1.96,2019-01-23,62.4,0.18,2018,1,0.18,,60.0,2019-02-15,2.8,2.54,1,-26.00,0,,-26.00,1,2019-08-06,
FAZ,PUT,2017-01-06,20.61,0.60,2017-01-13,20.91,-0.75,2017,0,,-0.75,21.0,2017-02-17,1.42,1.12,3,-90.00,0,,-90.00,0,2019-08-06,
FAZ,PUT,2017-01-26,20.28,0.64,2017-01-31,21.22,-1.00,2017,0,,-1.00,20.0,2017-03-17,1.0,0.52,5,-240.00,0,,-240.00,0,2019-08-06,
FISV,CALL,2009-05-28,41.74,1.20,2009-06-22,44.52,0.66,2009,1,0.66,,40.0,2009-07-18,3.1,4.7,1,160.00,1,160.00,,0,2019-08-06,
NAV,PUT,2005-10-18,25.88,0.89,2005-10-24,27.18,-1.00,2005,0,,-1.00,25.0,2005-11-19,0.9,0.35,5,-275.00,0,,-275.00,1,2019-08-06,
NAV,PUT,2005-10-27,26.3,0.92,2005-10-31,27.52,-1.00,2005,0,,-1.00,25.0,2005-12-17,1.1,0.6,4,-200.00,0,,-200.00,0,2019-08-06,
NAV,CALL,2005-11-09,26.18,0.83,2005-11-09,26.18,-0.50,2005,0,,-0.50,25.0,2005-12-17,2.15,2.0,1,-15.00,0,,-15.00,0,2019-08-06,
NAV,CALL,2005-11-07,28.22,0.82,2005-12-16,27.96,-0.66,2005,0,,-0.66,30.0,2005-12-17,0.8,0.0,3,-240.00,0,,-240.00,0,2019-08-06,
