BZH,CALL,2017-05-05,13.04,0.46,2017-05-17,14.49,1.08,2017,1,1.08,,13.0,2017-06-16,0.8,1.6,6,480.00,1,480.00,,0,2019-09-20,
SQM,CALL,2008-10-30,22.89,3.03,2008-11-06,21.15,-0.79,2008,0,,-0.79,22.5,2008-12-20,3.8,1.9,1,-190.00,0,,-190.00,0,2019-09-20,
BUFF,PUT,2017-12-19,31.5,0.65,2017-12-22,32.51,-1.00,2017,0,,-1.00,32.5,2018-02-16,1.9,1.14,2,-152.00,0,,-152.00,0,2019-09-20,
VIAB,PUT,2016-04-07,38.27,1.53,2016-04-20,37.38,-0.21,2016,0,,-0.21,37.5,2016-05-20,1.95,2.15,2,40.00,1,40.00,,0,2019-09-20,
YNDX,CALL,2018-02-13,37.42,1.30,2018-02-22,42.39,1.42,2018,1,1.42,,37.0,2018-03-16,2.2,5.4,2,640.00,1,640.00,,1,2019-09-20,
PLCM.201609,PUT,2008-12-12,14.42,1.38,2008-12-18,13.71,-0.24,2008,0,,-0.24,15.0,2009-01-17,1.85,1.8,2,-10.00,0,,-10.00,0,2019-09-20,
RRC,PUT,2015-03-06,48.75,2.10,2015-03-13,45.29,0.32,2015,1,0.32,,50.0,2015-04-17,3.5,5.7,1,220.00,1,220.00,,0,2019-09-22,
FANG,CALL,2018-02-12,116.01,4.26,2018-03-16,125.51,0.62,2018,1,0.62,,115.0,2018-03-16,6.4,9.1,0,0.00,0,,0.00,0,2019-09-22,
FANG,PUT,2018-01-30,126.27,3.19,2018-02-09,110.51,1.97,2018,1,1.97,,125.0,2018-03-16,5.5,14.5,1,900.00,1,900.00,,1,2019-09-22,
FANG,CALL,2018-02-12,116.01,4.26,2018-02-16,123.88,0.42,2018,1,0.42,,115.0,2018-03-16,6.4,9.9,1,350.00,1,350.00,,0,2019-09-22,
FANG,CALL,2018-03-02,129.08,4.74,2018-03-07,126.27,-0.80,2018,0,,-0.80,130.0,2018-04-20,6.0,3.8,1,-220.00,0,,-220.00,0,2019-09-22,
AEGR.201611,CALL,2013-07-01,68.9,3.47,2013-08-14,91.71,2.79,2013,1,2.79,,70.0,2013-08-17,6.3,21.3,1,1500.00,1,1500.00,,0,2019-09-22,
AEGR.201611,CALL,2013-08-12,94.02,4.51,2013-08-15,87.2,-1.00,2013,0,,-1.00,95.0,2013-09-21,7.5,3.9,1,-360.00,0,,-360.00,0,2019-09-22,
CMA,CALL,2010-03-10,36.49,0.85,2010-03-16,37.75,0.24,2010,1,0.24,,37.5,2010-04-17,1.0,1.45,7,315.00,1,315.00,,0,2019-09-22,
CMA,CALL,2010-04-20,42.22,1.13,2010-04-28,41.46,-0.84,2010,0,,-0.84,42.5,2010-06-19,2.2,1.65,3,-165.00,0,,-165.00,1,2019-09-22,
PRLB,CALL,2017-08-01,75.09,1.49,2017-08-08,73.84,-0.92,2017,0,,-0.92,75.0,2017-09-15,3.1,1.7,1,-140.00,0,,-140.00,0,2019-09-22,
PRLB,CALL,2017-08-30,71.2,1.43,2017-09-18,74.65,0.71,2017,1,0.71,,70.0,2017-10-20,3.8,5.3,1,150.00,1,150.00,,0,2019-09-22,
ALXN,CALL,2012-01-31,76.76,1.89,2012-02-08,76.69,-0.52,2012,0,,-0.52,75.0,2012-03-17,4.7,4.5,1,-20.00,0,,-20.00,0,2019-09-22,
ALXN,CALL,2012-02-10,83.45,2.28,2012-03-16,89.01,0.72,2012,1,0.72,,85.0,2012-03-17,2.85,3.9,1,105.00,1,105.00,,0,2019-09-22,
SEDG,CALL,2017-08-03,27.6,0.94,2017-08-09,27.6,-0.50,2017,0,,-0.50,28.0,2017-09-15,1.4,1.1,3,-90.00,0,,-90.00,0,2019-09-22,
SEDG,CALL,2017-09-27,29.25,0.96,2017-10-25,30.6,0.20,2017,1,0.20,,29.0,2017-11-17,2.65,2.6,1,-5.00,0,,-5.00,0,2019-09-22,
IWS,CALL,2011-08-29,42.24,1.62,2011-09-09,40.28,-1.00,2011,0,,-1.00,42.0,2011-10-22,2.0,1.0,2,-200.00,0,,-200.00,0,2019-09-22,
IWS,CALL,2011-09-12,40.47,1.23,2011-09-19,41.72,0.01,2011,1,0.01,,40.0,2011-10-22,2.2,2.5,2,60.00,1,60.00,,0,2019-09-22,
IWS,PUT,2011-09-21,39.9,1.13,2011-10-04,38.14,0.28,2011,1,0.28,,40.0,2011-11-19,2.45,3.0,2,110.00,1,110.00,,0,2019-09-22,
IWS,CALL,2011-11-30,43.16,0.95,2011-12-08,42.48,-0.86,2011,0,,-0.86,43.0,2012-01-21,1.75,1.3,2,-90.00,0,,-90.00,0,2019-09-22,
ALV,PUT,2018-08-10,94.98,2.28,2018-08-17,92.65,0.01,2018,1,0.01,,95.0,2018-09-21,3.5,4.0,1,50.00,1,50.00,,0,2019-09-22,
ALV,CALL,2018-09-20,93.48,1.83,2018-09-21,93.36,-0.53,2018,0,,-0.53,95.0,2018-10-19,2.1,1.7,2,-80.00,0,,-80.00,0,2019-09-22,
ALV,PUT,2018-10-10,79.92,2.41,2018-10-16,82.65,-1.00,2018,0,,-1.00,80.0,2018-11-16,4.0,2.2,1,-180.00,0,,-180.00,0,2019-09-22,
ALV,CALL,2018-10-23,82.22,2.30,2018-11-09,81.75,-0.60,2018,0,,-0.60,80.0,2018-12-21,6.0,4.09,0,-0.00,0,,-0.00,0,2019-09-22,
ALV,CALL,2018-10-26,81.77,2.75,2018-11-29,86.33,0.33,2018,1,0.33,,85.0,2018-12-21,2.95,3.3,1,35.00,1,35.00,,0,2019-09-22,
ALV,PUT,2018-12-04,86.22,2.71,2018-12-31,70.23,2.46,2018,1,2.46,,85.0,2019-01-18,3.4,14.2,1,1080.00,1,1080.00,,0,2019-09-22,
TSCO,CALL,2016-11-09,66.98,1.67,2016-11-15,71.7,0.91,2016,1,0.91,,65.0,2016-12-16,3.3,6.7,1,340.00,1,340.00,,0,2019-09-22,
TSCO,CALL,2016-12-20,78.11,1.36,2017-01-05,75.63,-1.00,2016,0,,-1.00,80.0,2017-02-17,2.5,1.2,2,-260.00,0,,-260.00,0,2019-09-22,
TSCO,PUT,2017-01-19,74.79,1.51,2017-02-09,73.54,-0.08,2017,0,,-0.08,75.0,2017-02-17,3.1,1.7,1,-140.00,0,,-140.00,0,2019-09-22,
AXP,CALL,2008-08-14,38.2,2.11,2008-09-04,38.75,-0.37,2008,0,,-0.37,37.5,2008-09-20,2.65,2.2,1,-45.00,0,,-45.00,0,2019-09-22,
