DISCA,PUT,2016-01-28,26.73,0.97,2016-02-12,25.0,0.39,2016,1,0.39,,27.5,2016-03-18,2.04,2.95,2,182.00,1,182.00,,1,2019-08-14,
DISCA,CALL,2016-02-12,25.0,1.13,2016-03-18,29.42,1.45,2016,1,1.45,,22.5,2016-03-18,3.4,6.0,1,260.00,1,260.00,,1,2019-08-14,
TMV,CALL,2010-06-02,49.55,2.88,2010-06-04,46.43,-1.00,2010,0,,-1.00,48.0,2010-07-17,4.7,2.45,1,-225.00,0,,-225.00,0,2019-08-14,
TMV,PUT,2010-06-22,45.18,2.00,2010-07-01,40.49,0.67,2010,1,0.67,,45.0,2010-08-21,3.1,5.6,1,250.00,1,250.00,,0,2019-08-14,
BBT,PUT,2009-02-26,17.01,1.77,2009-03-06,13.71,0.43,2009,1,0.43,,17.5,2009-04-18,3.2,5.0,1,180.00,1,180.00,,0,2019-08-14,
BBT,CALL,2009-03-12,18.4,1.67,2009-04-17,23.39,1.00,2009,1,1.00,,17.5,2009-04-18,2.6,5.8,1,320.00,1,320.00,,0,2019-08-14,
ALGN,PUT,2007-11-29,16.19,0.82,2007-11-30,16.89,-0.93,2007,0,,-0.93,15.0,2008-01-19,0.95,0.6,5,-175.00,0,,-175.00,1,2019-08-14,
ALGN,CALL,2007-12-06,17.55,0.81,2008-01-18,13.4,-1.00,2007,0,,-1.00,17.5,2008-01-19,1.6,0.0,3,-480.00,0,,-480.00,1,2019-08-14,
ALGN,CALL,2007-12-20,17.75,0.77,2008-01-18,13.4,-1.00,2007,0,,-1.00,20.0,2008-01-19,0.3,0.0,16,-480.00,0,,-480.00,1,2019-08-14,
GE,CALL,2018-10-03,12.48,0.45,2018-10-10,13.28,0.39,2018,1,0.39,,12.0,2018-11-16,0.92,1.52,5,300.00,1,300.00,,1,2019-08-14,
