TOY.200507,CALL,2005-01-06,20.5,0.37,2005-02-18,22.3,1.96,2005,1,1.96,,20.0,2005-02-19,1.35,2.25,3,270.00,1,270.00,,0,2019-08-09,
IYF,PUT,2009-02-10,33.45,2.60,2009-02-20,28.9,0.38,2009,1,0.38,,33.0,2009-03-21,3.4,5.6,1,220.00,1,220.00,,0,2019-08-09,
IYF,PUT,2009-02-23,27.91,2.15,2009-03-10,27.34,-0.37,2009,0,,-0.37,28.0,2009-04-18,3.9,3.2,1,-70.00,0,,-70.00,1,2019-08-09,
IYF,PUT,2009-03-11,28.01,2.08,2009-04-17,40.26,-1.00,2009,0,,-1.00,24.0,2009-04-18,1.35,0.0,3,-405.00,0,,-405.00,1,2019-08-09,
RAX.201611,PUT,2013-06-12,34.83,1.44,2013-06-18,37.65,-1.00,2013,0,,-1.00,35.0,2013-07-20,2.0,0.8,2,-240.00,0,,-240.00,0,2019-08-09,
RAX.201611,CALL,2013-06-21,37.2,1.40,2013-07-19,43.77,1.84,2013,1,1.84,,37.5,2013-07-20,1.75,6.1,2,870.00,1,870.00,,1,2019-08-09,
BHP,PUT,2014-11-06,58.06,1.10,2014-11-07,59.88,-1.00,2014,0,,-1.00,55.0,2014-12-20,0.8,0.35,3,-135.00,0,,-135.00,1,2019-08-09,
DPZ,CALL,2011-12-08,34.25,0.86,2012-01-20,32.0,-1.00,2011,0,,-1.00,34.0,2012-01-21,1.65,0.0,3,-495.00,0,,-495.00,1,2019-08-09,
GLW,PUT,2011-08-22,14.16,0.78,2011-08-26,14.37,-0.64,2011,0,,-0.64,14.0,2011-10-22,1.1,0.84,4,-104.00,0,,-104.00,0,2019-08-09,
GLW,CALL,2011-09-07,14.53,0.69,2011-09-09,13.58,-1.00,2011,0,,-1.00,15.0,2011-10-22,0.7,0.37,3,-99.00,0,,-99.00,0,2019-08-09,
WOOF.201709,PUT,2008-11-12,17.85,1.61,2008-11-13,18.89,-0.82,2008,0,,-0.82,17.5,2008-12-20,1.55,0.95,3,-180.00,0,,-180.00,0,2019-08-09,
ELN.201312,CALL,2011-12-29,13.85,0.46,2012-01-03,13.46,-0.92,2011,0,,-0.92,14.0,2012-02-18,1.0,0.7,5,-150.00,0,,-150.00,0,2019-08-09,
ELN.201312,CALL,2012-01-12,13.86,0.53,2012-01-17,13.57,-0.78,2012,0,,-0.78,14.0,2012-02-18,0.8,0.55,6,-150.00,0,,-150.00,0,2019-08-09,
ELN.201312,PUT,2012-01-19,13.36,0.50,2012-01-31,13.61,-0.75,2012,0,,-0.75,13.0,2012-02-18,0.65,0.3,7,-245.00,0,,-245.00,1,2019-08-09,
FTK,PUT,2014-09-29,26.8,0.73,2014-10-15,20.49,3.85,2014,1,3.85,,27.0,2014-11-22,1.7,5.9,2,840.00,1,840.00,,1,2019-08-09,
FTK,CALL,2014-11-14,22.03,1.20,2014-11-28,19.48,-1.00,2014,0,,-1.00,22.5,2014-12-20,1.05,0.0,4,-420.00,0,,-420.00,1,2019-08-09,
MJN.201706,PUT,2016-11-18,71.0,1.84,2016-11-29,72.51,-0.91,2016,0,,-0.91,72.5,2016-12-16,2.9,1.61,1,-129.00,0,,-129.00,0,2019-08-09,
AMAG,PUT,2010-06-01,31.12,1.51,2010-06-02,33.39,-1.00,2010,0,,-1.00,32.5,2010-07-17,3.1,1.8,1,-130.00,0,,-130.00,0,2019-08-09,
ABC,PUT,2016-02-11,84.55,2.31,2016-02-17,87.49,-1.00,2016,0,,-1.00,85.0,2016-03-18,3.4,1.35,1,-205.00,0,,-205.00,0,2019-08-09,
MSFT,CALL,2013-01-25,27.88,0.48,2013-01-31,27.45,-0.95,2013,0,,-0.95,26.0,2013-03-16,1.99,1.58,2,-82.00,0,,-82.00,0,2019-08-09,
HK.201108,CALL,2007-05-29,15.84,0.41,2007-06-25,16.7,0.56,2007,1,0.56,,15.0,2007-07-21,1.45,1.75,3,90.00,1,90.00,,0,2019-08-09,
MRK,PUT,2004-12-01,27.72,0.72,2004-12-08,28.69,-1.00,2004,0,,-1.00,27.5,2005-01-22,1.05,0.5,4,-220.00,0,,-220.00,1,2019-08-09,
MRK,CALL,2004-12-08,28.69,0.63,2005-01-03,31.26,1.53,2004,1,1.53,,27.5,2005-01-22,1.8,3.8,1,200.00,1,200.00,,0,2019-08-09,
