WDC,PUT,2011-09-02,27.44,1.37,2011-09-07,28.49,-0.88,2011,0,,-0.88,27.0,2011-10-22,1.91,1.37,2,-108.00,0,,-108.00,1,2019-08-13,
WDC,PUT,2011-09-19,29.27,1.08,2011-09-26,27.79,0.19,2011,1,0.19,,29.0,2011-11-19,2.19,2.86,2,134.00,1,134.00,,0,2019-08-13,
WDC,PUT,2011-10-07,26.94,1.24,2011-11-10,25.79,-0.03,2011,0,,-0.03,27.0,2011-11-19,2.18,1.58,2,-120.00,0,,-120.00,1,2019-08-13,
QLIK.201608,CALL,2014-05-19,21.87,1.07,2014-07-18,21.15,-0.84,2014,0,,-0.84,24.0,2014-07-19,1.0,0.0,5,-500.00,0,,-500.00,1,2019-08-13,
USO,CALL,2011-10-14,33.86,1.15,2011-11-18,37.82,1.22,2011,1,1.22,,34.0,2011-11-19,1.62,3.75,3,639.00,1,639.00,,1,2019-08-13,
PAY,CALL,2018-03-02,17.52,0.51,2018-03-13,17.97,-0.06,2018,0,,-0.06,17.0,2018-04-20,1.35,1.2,3,-45.00,0,,-45.00,0,2019-08-13,
CY,PUT,2002-09-11,9.97,0.90,2002-09-25,7.73,0.74,2002,1,0.74,,10.0,2002-10-19,1.1,2.29,4,476.00,1,476.00,,1,2019-08-13,
UNG,CALL,2016-03-17,6.83,0.24,2016-04-15,6.49,-1.00,2016,0,,-1.00,6.0,2016-04-15,0.93,0.47,2,-92.00,0,,-92.00,0,2019-08-13,
TDC,CALL,2016-01-29,24.34,0.91,2016-02-02,23.27,-1.00,2016,0,,-1.00,22.5,2016-03-18,2.7,1.85,1,-85.00,0,,-85.00,0,2019-08-13,
TDC,CALL,2016-02-25,25.13,1.15,2016-03-08,26.81,0.23,2016,1,0.23,,25.0,2016-04-15,1.5,2.29,3,237.00,1,237.00,,0,2019-08-13,
WBC,CALL,2011-10-06,41.51,2.77,2011-11-07,50.39,1.10,2011,1,1.10,,40.0,2011-11-19,4.8,8.8,1,400.00,1,400.00,,1,2019-08-13,
PBR,PUT,2016-09-26,9.01,0.40,2016-09-28,9.5,-1.00,2016,0,,-1.00,9.0,2016-11-18,0.79,0.55,6,-144.00,0,,-144.00,1,2019-08-13,
PBR,CALL,2016-10-03,9.69,0.41,2016-10-11,10.69,0.72,2016,1,0.72,,9.0,2016-11-18,1.17,1.8,4,252.00,1,252.00,,0,2019-08-13,
