SWI.201602,CALL,2013-03-28,59.1,1.38,2013-04-05,54.5,-1.00,2013,0,,-1.00,60.0,2013-05-18,2.9,1.05,1,-185.00,0,,-185.00,0,2019-09-19,
UNG,PUT,2011-09-02,9.71,0.28,2011-10-06,8.82,1.12,2011,1,1.12,,10.0,2011-10-22,0.67,1.17,7,350.00,1,350.00,,0,2019-09-19,
UNG,PUT,2011-11-01,8.69,0.26,2011-11-17,7.88,1.06,2011,1,1.06,,8.0,2011-12-17,0.18,0.37,27,513.00,1,513.00,,0,2019-09-19,
XMSR.200807,CALL,2003-11-04,21.38,1.14,2003-11-11,22.74,0.10,2003,1,0.10,,22.5,2003-12-20,1.55,1.95,3,120.00,1,120.00,,0,2019-09-19,
CVLT,CALL,2013-10-18,87.33,2.74,2013-10-22,86.96,-0.57,2013,0,,-0.57,87.5,2013-11-16,4.59,4.0,1,-59.00,0,,-59.00,0,2019-09-19,
GE,PUT,2002-10-24,26.0,1.39,2002-11-15,23.86,0.27,2002,1,0.27,,25.0,2002-12-21,1.5,1.8,3,90.00,1,90.00,,0,2019-09-19,
GE,CALL,2002-11-20,24.8,0.96,2002-12-11,26.14,0.20,2002,1,0.20,,25.0,2003-01-18,1.5,1.8,3,90.00,1,90.00,,0,2019-09-19,
AMP,PUT,2018-11-14,124.87,4.11,2018-11-26,127.97,-0.88,2018,0,,-0.88,125.0,2018-12-21,4.8,2.5,1,-230.00,0,,-230.00,0,2019-09-19,
AMP,CALL,2018-12-06,119.33,4.14,2018-12-06,119.33,-0.50,2018,0,,-0.50,140.0,2019-01-18,0.4,0.25,12,-180.00,0,,-180.00,1,2019-09-19,
AMP,CALL,2018-11-28,132.34,3.51,2019-01-18,121.11,-1.00,2018,0,,-1.00,130.0,2019-01-18,6.9,0.0,0,-0.00,0,,-0.00,0,2019-09-19,
AMP,CALL,2018-11-28,132.34,3.51,2019-01-18,121.11,-1.00,2018,0,,-1.00,140.0,2019-01-18,2.1,0.0,2,-420.00,0,,-420.00,1,2019-09-19,
BYD,PUT,2008-05-30,15.95,0.91,2008-06-13,16.82,-0.98,2008,0,,-0.98,15.0,2008-07-19,0.9,0.8,5,-50.00,0,,-50.00,0,2019-09-19,
BYD,PUT,2008-06-20,14.62,1.02,2008-07-11,9.06,2.24,2008,1,2.24,,15.0,2008-07-19,1.3,5.8,3,1350.00,1,1350.00,,0,2019-09-19,
BYD,PUT,2008-07-30,9.48,1.05,2008-07-31,9.98,-0.74,2008,0,,-0.74,10.0,2008-09-20,2.04,1.7,2,-68.00,0,,-68.00,0,2019-09-19,
BYD,CALL,2008-08-05,14.31,1.34,2008-08-13,13.31,-0.87,2008,0,,-0.87,15.0,2008-09-20,1.65,0.8,3,-255.00,0,,-255.00,0,2019-09-19,
RMBS,CALL,2009-12-21,23.44,1.04,2009-12-28,24.48,0.00,2009,1,0.00,,24.0,2010-02-20,3.3,3.75,1,45.00,1,45.00,,0,2019-09-19,
WMB,PUT,2002-07-19,5.16,0.67,2002-07-24,1.25,2.40,2002,1,2.40,,5.0,2002-08-17,0.75,3.5,6,1650.00,1,1650.00,,0,2019-09-19,
WMB,CALL,2002-07-29,1.99,0.79,2002-08-02,3.4,0.40,2002,1,0.40,,2.5,2002-09-21,0.7,1.25,7,385.00,1,385.00,,0,2019-09-19,
QID,CALL,2013-08-27,21.14,0.42,2013-08-29,20.67,-1.00,2013,0,,-1.00,21.0,2013-10-19,1.1,0.87,4,-92.00,0,,-92.00,0,2019-09-19,
QID,PUT,2013-09-06,20.14,0.46,2013-09-16,19.66,0.02,2013,1,0.02,,20.0,2013-10-19,0.81,0.9,6,54.00,1,54.00,,0,2019-09-19,
PBR,CALL,2018-09-07,11.04,0.41,2018-09-10,10.88,-0.70,2018,0,,-0.70,11.0,2018-10-19,1.08,0.9,4,-72.00,0,,-72.00,0,2019-09-19,
PBR,PUT,2018-09-11,10.44,0.40,2018-09-17,10.92,-1.00,2018,0,,-1.00,10.0,2018-10-19,0.69,0.46,7,-161.00,0,,-161.00,0,2019-09-19,
PBR,CALL,2018-09-17,10.92,0.39,2018-09-24,11.39,0.10,2018,1,0.10,,10.0,2018-10-19,1.42,1.59,3,51.00,1,51.00,,0,2019-09-19,
INCY,CALL,2013-10-01,40.0,1.62,2013-10-11,37.04,-1.00,2013,0,,-1.00,40.0,2013-11-16,2.65,1.14,1,-151.00,0,,-151.00,0,2019-09-19,
EMC.201609,CALL,2003-07-07,11.74,0.43,2003-07-15,11.07,-1.00,2003,0,,-1.00,11.0,2003-08-16,1.2,0.6,4,-240.00,0,,-240.00,0,2019-09-19,
EMC.201609,PUT,2003-07-16,10.17,0.41,2003-08-15,11.23,-1.00,2003,0,,-1.00,10.0,2003-08-16,0.45,0.0,11,-495.00,0,,-495.00,0,2019-09-19,
EDU,CALL,2013-07-05,22.98,0.77,2013-07-17,23.48,-0.18,2013,0,,-0.18,23.0,2013-08-17,1.55,1.4,3,-45.00,0,,-45.00,0,2019-09-19,
WCG,CALL,2016-06-29,107.52,2.66,2016-07-01,105.42,-0.89,2016,0,,-0.89,110.0,2016-08-19,4.7,3.7,1,-100.00,0,,-100.00,0,2019-09-19,
WCG,CALL,2016-07-13,108.16,2.84,2016-07-21,107.52,-0.61,2016,0,,-0.61,110.0,2016-08-19,4.7,3.7,1,-100.00,0,,-100.00,0,2019-09-19,
WCG,CALL,2016-08-19,116.04,2.36,2016-09-16,110.96,-1.00,2016,0,,-1.00,115.0,2016-09-16,3.7,0.0,1,-370.00,0,,-370.00,0,2019-09-19,
