CY,CALL,2015-10-14,10.02,0.36,2015-10-16,9.94,-0.61,2015,0,,-0.61,10.0,2015-11-20,0.65,0.55,7,-70.00,0,,-70.00,0,2019-09-23,
GDW.200609,CALL,2006-07-10,74.13,0.87,2006-08-18,75.7,0.40,2006,1,0.40,,75.0,2006-08-19,1.35,0.6,3,-225.00,0,,-225.00,0,2019-09-23,
GDW.200609,CALL,2006-07-10,74.13,0.87,2006-07-12,73.78,-0.70,2006,0,,-0.70,75.0,2006-08-19,1.35,0.95,3,-120.00,0,,-120.00,0,2019-09-23,
GES,CALL,2015-08-05,21.69,0.61,2015-09-18,22.53,0.18,2015,1,0.18,,22.0,2015-09-18,0.9,0.35,5,-275.00,0,,-275.00,0,2019-09-23,
KSU,CALL,2017-07-10,104.67,1.63,2017-08-18,105.8,-0.15,2017,0,,-0.15,105.0,2017-08-18,3.8,0.7,1,-310.00,0,,-310.00,0,2019-09-23,
IVX.200601,CALL,2004-09-02,19.69,0.51,2004-09-22,20.01,-0.19,2004,0,,-0.19,20.0,2004-10-16,1.35,0.9,3,-135.00,0,,-135.00,0,2019-09-23,
IVX.200601,PUT,2004-10-06,18.71,0.52,2004-10-11,18.43,-0.23,2004,0,,-0.23,17.5,2004-11-20,0.7,0.85,7,105.00,1,105.00,,0,2019-09-23,
IVX.200601,PUT,2004-10-28,17.85,0.74,2004-11-05,14.21,1.95,2004,1,1.95,,17.5,2004-12-18,1.55,3.5,3,585.00,1,585.00,,1,2019-09-23,
IVX.200601,PUT,2004-10-14,18.14,0.66,2004-11-19,14.83,2.02,2004,1,2.02,,17.5,2004-11-20,1.05,2.54,4,596.00,1,596.00,,0,2019-09-23,
PPS.201611,PUT,2009-02-04,12.43,1.29,2009-02-20,11.46,-0.12,2009,0,,-0.12,12.5,2009-03-21,2.0,1.75,2,-50.00,0,,-50.00,0,2019-09-23,
TRIP,CALL,2013-07-31,75.02,2.34,2013-09-20,75.12,-0.48,2013,0,,-0.48,75.0,2013-09-21,3.5,0.05,1,-345.00,0,,-345.00,0,2019-09-23,
TRIP,CALL,2013-07-24,61.14,1.62,2013-08-07,77.98,4.68,2013,1,4.68,,60.0,2013-09-21,4.59,17.5,1,1291.00,1,1291.00,,0,2019-09-23,
TRIP,CALL,2013-09-20,75.12,2.08,2013-09-23,74.3,-0.70,2013,0,,-0.70,75.0,2013-10-19,3.2,2.5,1,-70.00,0,,-70.00,0,2019-09-23,
TRIP,CALL,2013-10-01,78.5,2.26,2013-10-01,78.5,-0.50,2013,0,,-0.50,77.5,2013-11-16,6.3,6.1,0,-0.00,0,,-0.00,0,2019-09-23,
TRIP,CALL,2013-10-01,78.5,2.26,2013-10-03,78.66,-0.46,2013,0,,-0.46,77.5,2013-11-16,6.3,6.2,1,-10.00,0,,-10.00,0,2019-09-23,
TRIP,PUT,2013-10-08,71.7,2.50,2013-10-29,82.26,-1.00,2013,0,,-1.00,72.5,2013-11-16,6.2,0.25,1,-595.00,0,,-595.00,1,2019-09-23,
TRIP,CALL,2013-10-2,79.66,2.94,2013-10-2,79.66,-0.50,2013,0,,-0.50,72.5,2013-10-19,7.6,7.3,0,-0.00,0,,-0.00,1,2019-09-23,
TRIP,CALL,2013-10-09,70.67,2.60,2013-10-15,73.87,0.12,2013,1,0.12,,70.0,2013-11-16,6.2,7.3,1,110.00,1,110.00,,1,2019-09-23,
TRIP,CALL,2013-10-24,74.84,2.83,2013-10-30,80.22,0.45,2013,1,0.45,,75.0,2013-12-21,3.9,7.4,1,350.00,1,350.00,,1,2019-09-23,
TRIP,CALL,2013-10-31,82.72,3.09,2013-11-06,86.61,0.13,2013,1,0.13,,82.5,2013-12-21,4.9,6.8,1,190.00,1,190.00,,1,2019-09-23,
TRIP,CALL,2013-11-13,87.48,3.36,2013-11-15,87.77,-0.46,2013,0,,-0.46,87.5,2013-12-21,4.3,3.9,1,-40.00,0,,-40.00,1,2019-09-23,
COF,CALL,2009-01-28,20.3,2.39,2009-01-30,15.84,-1.00,2009,0,,-1.00,20.0,2009-03-21,2.65,0.85,1,-180.00,0,,-180.00,0,2019-09-23,
COF,PUT,2009-01-29,16.87,2.48,2009-02-20,10.01,0.88,2009,1,0.88,,17.5,2009-03-21,3.1,7.7,1,460.00,1,460.00,,0,2019-09-23,
COF,PUT,2009-02-27,12.05,1.89,2009-03-09,8.73,0.38,2009,1,0.38,,12.5,2009-04-18,3.1,4.5,1,140.00,1,140.00,,0,2019-09-23,
COF,CALL,2009-04-09,17.46,1.84,2009-05-11,27.1,2.12,2009,1,2.12,,17.5,2009-05-16,2.75,10.1,1,735.00,1,735.00,,0,2019-09-23,
MMR.201306,PUT,2009-02-10,6.5,0.80,2009-02-24,4.88,0.51,2009,1,0.51,,7.5,2009-03-21,1.55,2.54,3,297.00,1,297.00,,0,2019-09-23,
MMR.201306,CALL,2009-03-19,5.32,0.56,2009-04-17,5.9,0.01,2009,1,0.01,,5.0,2009-04-18,0.9,0.9,5,0.00,0,,0.00,0,2019-09-23,
MMR.201306,CALL,2009-04-17,5.9,0.56,2009-04-27,5.12,-1.00,2009,0,,-1.00,5.0,2009-05-16,1.35,0.55,3,-240.00,0,,-240.00,0,2019-09-23,
MMR.201306,CALL,2009-05-08,7.59,0.65,2009-06-19,5.4,-1.00,2009,0,,-1.00,7.5,2009-06-20,1.2,0.0,4,-480.00,0,,-480.00,0,2019-09-23,
MMR.201306,PUT,2009-06-16,5.79,0.55,2009-07-17,5.9,-0.60,2009,0,,-0.60,5.0,2009-07-18,0.4,0.0,12,-480.00,0,,-480.00,0,2019-09-23,
