PCTY,CALL,2018-03-12,55.29,1.79,2018-04-20,55.58,-0.42,2018,0,,-0.42,55.0,2018-04-20,2.85,0.1,1,-275.00,0,,-275.00,0,2020-03-12,
IGT,CALL,2018-03-12,29.72,0.85,2018-03-19,29.64,-0.55,2018,0,,-0.55,30.0,2018-04-20,1.3,1.0,3,-90.00,0,,-90.00,0,2020-03-12,
PTLA,PUT,2018-03-12,38.03,2.99,2018-04-20,33.25,0.30,2018,1,0.30,,40.0,2018-04-20,4.9,6.6,1,170.00,1,170.00,,0,2020-03-12,
ECYT,CALL,2018-03-12,8.83,0.69,2018-03-14,10.38,0.63,2018,1,0.63,,9.0,2018-04-20,1.3,1.65,3,105.00,1,105.00,,0,2020-03-12,
AIMT,PUT,2018-03-12,8.83,0.89,2018-03-12,32.63,-1.00,2018,0,,-1.00,9.0,2018-04-20,0.0,0.0,2147483647,-0.00,0,,-0.00,0,2020-03-12,
AIMT,PUT,2018-03-12,32.63,2.61,2018-04-04,29.73,0.06,2018,1,0.06,,35.0,2018-04-20,5.0,5.09,1,9.00,1,9.00,,0,2020-03-12,
ACGL,PUT,2018-03-12,85.15,2.36,2018-04-11,79.79,0.63,2018,1,0.63,,85.0,2018-04-20,2.85,5.0,1,215.00,1,215.00,,0,2020-03-12,
SNA,PUT,2018-03-12,151.47,3.57,2018-04-03,148.01,-0.02,2018,0,,-0.02,150.0,2018-04-20,4.4,5.8,1,140.00,1,140.00,,0,2020-03-12,
RDN,PUT,2018-03-12,19.94,0.68,2018-03-19,18.57,0.51,2018,1,0.51,,20.0,2018-04-20,1.0,1.6,5,300.00,1,300.00,,0,2020-03-12,
ACGL,PUT,2018-03-12,85.15,2.36,2018-03-19,85.4,-0.55,2018,0,,-0.55,85.0,2018-04-20,2.85,1.85,1,-100.00,0,,-100.00,0,2020-03-12,
