BIG,PUT,2018-03-13,18.8,0.94,2018-03-13,18.8,-0.50,2018,0,,-0.50,20.0,2018-04-20,0.0,0.0,2147483647,-0.00,0,,-0.00,0,2020-03-13,
DSW,CALL,2018-03-13,18.8,0.94,2018-03-14,21.3,0.83,2018,1,0.83,,20.0,2018-04-20,2.0,1.55,2,-90.00,0,,-90.00,0,2020-03-13,
PCG,CALL,2018-03-13,45.1,1.15,2018-03-14,44.17,-0.90,2018,0,,-0.90,45.0,2018-04-20,3.0,1.35,1,-165.00,0,,-165.00,0,2020-03-13,
MYGN,PUT,2018-03-13,29.01,1.44,2018-03-14,29.25,-0.58,2018,0,,-0.58,29.0,2018-04-20,1.6,1.25,3,-105.00,0,,-105.00,0,2020-03-13,
BKE,PUT,2018-03-13,18.8,0.94,2018-03-15,18.25,-0.21,2018,0,,-0.21,20.0,2018-04-20,2.4,2.54,2,28.00,1,28.00,,0,2020-03-13,
BIG,PUT,2018-03-13,47.47,2.02,2018-04-16,42.79,0.66,2018,1,0.66,,47.5,2018-04-20,2.04,4.59,2,510.00,1,510.00,,0,2020-03-13,
XEC,PUT,2018-03-13,92.56,3.06,2018-03-13,92.56,-0.50,2018,0,,-0.50,95.0,2018-04-20,5.09,4.7,0,-0.00,0,,-0.00,0,2020-03-14,
XEC,PUT,2018-03-13,92.56,3.06,2018-03-16,92.48,-0.49,2018,0,,-0.49,95.0,2018-04-20,5.09,4.3,1,-79.00,0,,-79.00,0,2020-03-14,
AIG,PUT,2018-03-13,55.94,1.26,2018-04-04,54.22,0.18,2018,1,0.18,,55.0,2018-04-20,1.22,1.33,4,44.00,1,44.00,,0,2020-03-14,
DIS,PUT,2018-03-13,103.73,2.02,2018-04-02,98.66,0.75,2018,1,0.75,,105.0,2018-04-20,3.05,6.1,2,610.00,1,610.00,,0,2020-03-14,
