GENZ.201104,PUT,2002-07-10,16.88,1.93,2002-07-11,17.73,-0.72,2002,0,,-0.72,20.0,2002-08-17,4.09,3.3,1,-79.00,0,,-79.00,0,2020-05-03,
ICOS.200701,PUT,2002-07-10,13.84,1.60,2002-07-11,14.81,-0.80,2002,0,,-0.80,15.0,2002-08-17,2.75,1.95,2,-160.00,0,,-160.00,0,2020-05-03,
NE,PUT,2002-07-11,35.6,1.65,2002-07-15,34.03,-0.02,2002,0,,-0.02,37.5,2002-08-17,3.4,4.2,2,160.00,1,160.00,,0,2020-05-03,
MXIM,CALL,2002-07-15,41.72,2.77,2002-07-16,40.99,-0.63,2002,0,,-0.63,40.0,2002-08-17,5.2,4.4,1,-80.00,0,,-80.00,0,2020-05-03,
LLL,PUT,2002-07-19,43.07,2.85,2002-07-22,42.77,-0.45,2002,0,,-0.45,45.0,2002-08-17,4.2,3.9,1,-30.00,0,,-30.00,0,2020-05-03,
MDY,PUT,2002-07-19,77.34,2.42,2002-07-23,72.51,0.50,2002,1,0.50,,79.0,2002-08-17,4.0,6.8,1,280.00,1,280.00,,0,2020-05-03,
TER,PUT,2002-07-17,18.48,1.85,2002-07-23,15.35,0.35,2002,1,0.35,,20.0,2002-08-17,2.8,4.8,2,400.00,1,400.00,,0,2020-05-03,
JPM,PUT,2002-07-16,28.5,1.83,2002-07-23,20.07,1.81,2002,1,1.81,,32.5,2002-08-17,4.8,12.3,1,750.00,1,750.00,,0,2020-05-03,
HI.200303,PUT,2002-07-17,42.37,2.31,2002-07-23,36.29,0.82,2002,1,0.82,,45.0,2002-08-17,4.59,8.9,1,431.00,1,431.00,,0,2020-05-03,
ADRX.200611,CALL,2002-07-24,21.38,2.20,2002-08-20,23.82,0.05,2002,1,0.05,,22.5,2002-09-21,4.7,3.5,1,-120.00,0,,-120.00,0,2020-05-03,
TXN,CALL,2002-07-29,23.5,2.01,2002-07-31,23.15,-0.59,2002,0,,-0.59,22.5,2002-09-21,3.0,2.29,2,-142.00,0,,-142.00,0,2020-05-03,
CLS,CALL,2002-07-30,22.43,1.96,2002-08-01,20.84,-0.91,2002,0,,-0.91,20.0,2002-09-21,4.2,2.85,1,-135.00,0,,-135.00,0,2020-05-03,
TXN,PUT,2002-08-01,21.11,2.00,2002-08-06,19.87,-0.19,2002,0,,-0.19,22.5,2002-09-21,2.8,4.09,2,258.00,1,258.00,,0,2020-05-03,
