AMAT,CALL,2002-02-20,46.57,2.04,2002-02-21,43.27,-1.00,2002,0,,-1.00,47.5,2002-04-20,3.6,2.2,1,-140.00,0,,-140.00,0,2020-03-20,
BBY,PUT,2002-02-22,67.61,2.39,2002-02-22,67.61,-0.50,2002,0,,-0.50,70.0,2002-04-20,6.3,6.1,0,-0.00,0,,-0.00,0,2020-03-20,
BBY,PUT,2002-02-22,67.61,2.39,2002-02-25,69.26,-0.84,2002,0,,-0.84,65.0,2002-04-20,4.0,3.1,1,-90.00,0,,-90.00,0,2020-03-20,
KLAC,CALL,2002-02-25,59.41,2.64,2002-02-25,59.41,-0.50,2002,0,,-0.50,60.0,2002-04-20,5.6,5.09,0,-0.00,0,,-0.00,0,2020-03-20,
KLAC,CALL,2002-02-25,59.41,2.64,2002-02-27,58.86,-0.60,2002,0,,-0.60,60.0,2002-04-20,5.6,4.7,1,-90.00,0,,-90.00,0,2020-03-20,
EBAY,PUT,2002-02-27,49.09,2.83,2002-02-28,52.03,-1.00,2002,0,,-1.00,50.0,2002-04-20,5.0,3.2,1,-180.00,0,,-180.00,0,2020-03-20,
AFFX.201603,PUT,2002-02-20,25.98,3.01,2002-03-01,23.43,-0.08,2002,0,,-0.08,25.0,2002-04-20,3.1,3.6,1,50.00,1,50.00,,0,2020-03-20,
SMTC,PUT,2002-02-21,29.38,1.62,2002-02-25,25.35,0.74,2002,1,0.74,,30.0,2002-04-20,3.8,3.1,1,-70.00,0,,-70.00,0,2020-03-20,
VRSN,PUT,2002-02-21,22.72,2.34,2002-02-25,24.44,-0.87,2002,0,,-0.87,22.5,2002-04-20,2.6,1.95,2,-130.00,0,,-130.00,0,2020-03-20,
ALTR.201512,PUT,2002-02-28,19.07,1.35,2002-03-01,20.76,-1.00,2002,0,,-1.00,20.0,2002-04-20,2.75,1.75,2,-200.00,0,,-200.00,0,2020-03-20,
CHKP,PUT,2002-02-28,27.92,2.08,2002-03-01,30.16,-1.00,2002,0,,-1.00,30.0,2002-04-20,4.3,2.85,1,-145.00,0,,-145.00,0,2020-03-20,
JCP,PUT,2002-02-22,20.28,1.49,2002-03-04,19.59,-0.27,2002,0,,-0.27,20.0,2002-04-20,2.5,2.2,2,-60.00,0,,-60.00,0,2020-03-20,
WLP.200411,PUT,2002-02-27,121.09,2.66,2002-03-05,115.77,0.50,2002,1,0.50,,120.0,2002-04-20,5.2,7.8,1,260.00,1,260.00,,0,2020-03-20,
NBR,CALL,2002-03-04,20.52,1.62,2002-03-04,38.5,5.03,2002,1,5.03,,20.0,2002-04-20,0.0,0.0,2147483647,-0.00,0,,-0.00,0,2020-03-20,
NTAP,CALL,2002-03-04,20.52,1.62,2002-03-06,19.98,-0.67,2002,0,,-0.67,20.0,2002-04-20,2.7,2.29,2,-82.00,0,,-82.00,0,2020-03-20,
NBR,CALL,2002-03-04,38.5,1.42,2002-03-08,38.24,-0.59,2002,0,,-0.59,37.5,2002-04-20,3.4,2.8,1,-60.00,0,,-60.00,0,2020-03-20,
KLAC,CALL,2002-03-01,64.22,2.80,2002-03-11,67.23,0.04,2002,1,0.04,,65.0,2002-04-20,5.4,6.0,1,60.00,1,60.00,,0,2020-03-20,
NVLS.201206,CALL,2002-03-01,48.56,2.40,2002-03-11,52.84,0.39,2002,1,0.39,,50.0,2002-04-20,3.8,5.4,1,160.00,1,160.00,,0,2020-03-20,
SMTC,CALL,2002-03-06,37.29,1.93,2002-03-11,38.5,-0.19,2002,0,,-0.19,37.5,2002-04-20,2.95,3.1,1,15.00,1,15.00,,0,2020-03-20,
NVLS.201206,CALL,2002-03-08,53.97,2.47,2002-03-11,52.84,-0.73,2002,0,,-0.73,55.0,2002-04-20,4.0,2.9,1,-110.00,0,,-110.00,0,2020-03-20,
